# waypoints
# x, y, z, yaw, building_id

# building 1
#-1.9, -1.3, 1.2, 90, 0
#-2.8, -0.3, 1.2, 0, 0
#-2, 0.5, 1.2, 270, 0
#-1.2, -0.25, 1.2, 180, 0

# building 2
#-1, -0.25, 1.2, 0, 1
#-1.2, -0.25, 1.2, 0, 1
#-0.35, 0.5, 1.2, 270, 1
#0.5, -0.3, 1.2, 180, 1
#-0.45, -1.0, 1.2, 90, 1

# building 3
#-0.45, -1.2, 1.2, 270, 2
#-0.45, -1.0, 1.2, 270, 2
#-1.2, -1.7, 1.2, 0, 2
#-0.35, -1.8, 1.2, 90, 2
#-0.35, -2.2, 1.2, 90, 2
#0.5, -1.7, 1.2, 180, 2

# building 4
#0.75, -1.45, 1.2, 0, 3
#0.5, -1.45, 1.2, 0, 3
#1.25, -2.0, 1.2, 90, 3
#2, -1.5, 1.2, 180, 3
#1.3, -0.8, 1.2, 270, 3

# building 5
#1.25, -0.8, 1.2, 90, 4
#1.25, -0.9, 1.2, 90, 4
#2.1, -0.15, 1.2, 180, 4
#0.5, -0.15, 1.2, 0, 4
#1.25, 0.7, 1.2, 270, 4

# building 6
#1.25, 0.8, 1.2, 90, 5
#1.25, 0.7, 1.2, 90, 5
#1.9, 1.25, 1.2, 180, 5
#1.35, 2.0, 1.2, 270, 5
#0.5, 1.35, 1.2, 0, 5

#building 7
#0.4, 1.35, 1.2, 180, 6
#0.5, 1.35, 1.2, 180, 6
#-0.15, 2.0, 1.2, 270, 6
#-0.25, 0.55, 1.2, 90, 6
#-1.0, 1.35, 1.2, 0, 6

#building 8
#-1.1, 1.35, 1.2, 180, 7
#-1.0, 1.35, 1.2, 180, 7
-1.65, 0.3, 1.2, 90, 7
-1.65, 1.35, 1.2, 0, 7
-2.2, 1.35, 1.2, 0, 7
-1.6, 2.15, 1.2, 270, 7
-1.9, -1.5, 1.2, 270, 7
